0.0
0.004115921421004337
0.0
0.001646368451424121
0.0
0.0010289803552510843
0.001646368451424121
0.0020579607105021686
0.0
0.012141968076672055
0.016772379287528526
0.0
0.0
0.011318783331308237
0.0
0.0
0.0
0.0006173882139940885
0.0009260822620806068
0.004527513328024959
0.0
0.0
0.0
0.0062767797590156955
0.029325938783068238
0.004115921421004337
0.014405724751930374
0.01800715547425168
0.0
0.0018521645241612137
0.0040130230950032155
0.009157924516389752
0.013068049751053135
0.004733309514365914
0.0
0.0
0.004836207374705748
0.0
0.005453595468067325
0.00535069761897333
0.008540536423028175
0.010289802842773072
0.009981109284245249
0.011010089750288736
0.006997066189624233
0.0
0.011010089750288736
0.010804293075794816
0.004424615467685126
0.003910125234663382
0.008026046190006431
0.01697817496322484
0.004836207374705748
0.013891234496416953
0.005659391665654118
0.015434704286651287
0.005247799758633496
0.009981109284245249
0.0
0.009569516889071662
0.004321717141684004
0.016360787846169192
0.01975642284781083
0.0
0.0
0.0
0.0062767797590156955
