0.024959791990591892
0.03898102986614767
0.0
0.03480449068892204
0.031125159537642992
0.042262596107594974
0.03510281624261158
0.10043581906974665
0.0017899451969088452
0.0
0.0
0.0033810076974005883
0.0026849179117785895
0.0
0.003082683537443437
0.04852740301945886
0.007955312504626362
0.0063642495384733325
0.0
0.030926275220081973
0.040174324665007595
0.030727392747824926
0.003778773323065436
0.0
0.0
0.030429069056780535
0.0
0.0
0.0021877108225736926
0.0059664841456391286
0.012728499076946665
0.05379779762206105
0.07219445713842892
0.06921121646801233
0.014220120347812826
0.0
0.010043581166251899
0.0025854764471547166
0.007656987877924101
0.0
0.005867042913845899
0.0
0.0026849179117785895
0.04037321082787259
0.0
0.0
0.012629057845153436
0.030926275220081973
0.012629057845153436
0.0
0.0
0.0
0.019192191242029442
0.07975200563853435
0.023169846101694057
0.0074581049486763555
0.0
0.029434654867532505
0.00815419496821282
0.0048726287332684585
0.0
0.0
0.0
0.0
0.0
0.0
0.0217776669939437
